N=12 K=2
id: 0 bf: 0b0011 in:[8, 3] out:[2, 7]
id: 1 bf: 0b1000 in:[9, 2] out:[4, 8, 10]
id: 2 bf: 0b0110 in:[0, 3] out:[1, 3, 4, 10]
id: 3 bf: 0b0100 in:[4, 2] out:[0, 2, 11]
id: 4 bf: 0b0111 in:[1, 2] out:[3, 7, 9, 11]
id: 5 bf: 0b0001 in:[11, 7] out:[6]
id: 6 bf: 0b1111 in:[5, 10] out:[8]
id: 7 bf: 0b0110 in:[4, 0] out:[5, 9]
id: 8 bf: 0b0000 in:[1, 6] out:[0]
id: 9 bf: 0b1011 in:[4, 7] out:[1]
id:10 bf: 0b1011 in:[2, 1] out:[6]
id:11 bf: 0b0001 in:[3, 4] out:[5]

Basin:
0 [1, 1, 1, 1, 0, 0, 0, 0, 0, 0, 1, 0]
1 [0, 0, 0, 1, 0, 1, 1, 1, 0, 1, 1, 0]
2 [0, 0, 1, 0, 1, 0, 1, 0, 0, 0, 1, 0]

Attractor:
0 [1, 0, 0, 0, 1, 1, 1, 1, 0, 1, 1, 0]
1 [1, 0, 1, 0, 1, 0, 1, 0, 0, 1, 1, 0]
2 [1, 1, 1, 0, 1, 1, 1, 0, 0, 1, 1, 0]
3 [1, 1, 1, 0, 0, 1, 1, 0, 0, 1, 1, 0]
4 [1, 1, 1, 1, 0, 1, 1, 1, 0, 1, 1, 1]
5 [0, 1, 0, 1, 0, 0, 1, 1, 0, 0, 1, 0]
6 [0, 0, 1, 0, 1, 0, 1, 0, 0, 0, 0, 0]

Check: next state would be...
[1, 0, 0, 0, 1, 1, 1, 1, 0, 1, 1, 0]
