N=12 K=2
id: 0 bf: 0b0001 in:[4, 11] out:[]
id: 1 bf: 0b0111 in:[5, 3] out:[4, 6, 10, 11]
id: 2 bf: 0b0010 in:[5, 7] out:[11]
id: 3 bf: 0b0010 in:[10, 7] out:[1, 8, 9]
id: 4 bf: 0b1101 in:[8, 1] out:[0, 6]
id: 5 bf: 0b0110 in:[8, 7] out:[1, 2, 9]
id: 6 bf: 0b0100 in:[4, 1] out:[]
id: 7 bf: 0b1001 in:[10, 8] out:[2, 3, 5, 8]
id: 8 bf: 0b0110 in:[3, 7] out:[4, 5, 7]
id: 9 bf: 0b1100 in:[5, 3] out:[10]
id:10 bf: 0b1001 in:[9, 1] out:[3, 7]
id:11 bf: 0b0111 in:[1, 2] out:[0]

Basin:
0 [0, 0, 0, 0, 0, 0, 0, 0, 1, 0, 0, 1]
1 [0, 1, 0, 0, 0, 1, 0, 0, 0, 0, 1, 1]
2 [0, 1, 1, 1, 1, 0, 1, 0, 0, 0, 0, 1]
3 [0, 1, 0, 0, 1, 0, 0, 1, 1, 1, 0, 0]
4 [0, 1, 0, 0, 1, 0, 0, 0, 1, 0, 1, 1]
5 [0, 1, 0, 1, 1, 1, 0, 1, 0, 0, 0, 1]
6 [0, 0, 0, 0, 1, 1, 0, 1, 0, 1, 0, 1]
7 [0, 1, 0, 0, 1, 1, 0, 1, 1, 0, 0, 1]

Attractor:
0 [0, 1, 0, 0, 1, 0, 0, 0, 1, 0, 0, 1]
1 [0, 1, 0, 0, 1, 1, 0, 0, 0, 0, 0, 1]
2 [0, 1, 1, 0, 1, 0, 0, 1, 0, 0, 0, 1]
3 [0, 1, 0, 0, 1, 1, 0, 1, 1, 0, 0, 0]

Check: next state would be...
[0, 1, 0, 0, 1, 0, 0, 0, 1, 0, 0, 1]
Particle 0
Interaction sites: [[0, 4, 8, 3, 10, 9, 5, 7], [6, 1], [2], [11]]
Spike values: [-3, 0, 0, 0]
