N=12 K=2
id:24 bf: 0b0101 in:[30, 35] out:[27, 29, 30, 32]
id:25 bf: 0b0111 in:[26, 32] out:[26, 33]
id:26 bf: 0b1100 in:[35, 25] out:[25, 28]
id:27 bf: 0b0010 in:[24, 32] out:[32, 34, 35]
id:28 bf: 0b1011 in:[34, 26] out:[31, 35]
id:29 bf: 0b1001 in:[24, 32] out:[30, 34]
id:30 bf: 0b1110 in:[24, 29] out:[24]
id:31 bf: 0b1111 in:[32, 28] out:[]
id:32 bf: 0b1101 in:[27, 24] out:[25, 27, 29, 31, 33]
id:33 bf: 0b1011 in:[25, 32] out:[]
id:34 bf: 0b1001 in:[27, 29] out:[28]
id:35 bf: 0b0111 in:[28, 27] out:[24, 26]

Basin:
0 [0, 1, 1, 0, 0, 0, 0, 0, 1, 1, 1, 1]

Attractor:
0 [1, 0, 1, 0, 1, 0, 0, 1, 1, 1, 1, 1]
1 [1, 0, 0, 0, 1, 1, 1, 1, 1, 0, 1, 1]
2 [0, 1, 0, 0, 1, 1, 1, 1, 1, 0, 0, 1]
3 [0, 1, 1, 0, 1, 0, 1, 1, 1, 1, 0, 1]
4 [0, 0, 1, 0, 0, 0, 0, 1, 1, 1, 1, 1]
5 [1, 0, 0, 0, 1, 0, 0, 1, 1, 0, 1, 1]
6 [1, 1, 0, 0, 1, 1, 1, 1, 1, 0, 1, 1]
7 [0, 1, 1, 0, 1, 1, 1, 1, 1, 1, 0, 1]
8 [0, 0, 1, 0, 0, 0, 1, 1, 1, 1, 0, 1]
9 [0, 0, 0, 0, 0, 0, 0, 1, 1, 0, 1, 1]
10 [1, 1, 0, 0, 1, 0, 0, 1, 1, 0, 1, 1]
11 [1, 1, 1, 0, 1, 1, 1, 1, 1, 1, 1, 1]
12 [0, 0, 1, 0, 1, 1, 1, 1, 1, 1, 0, 1]
13 [0, 0, 0, 0, 0, 0, 1, 1, 1, 0, 0, 1]
14 [0, 1, 0, 0, 1, 0, 0, 1, 1, 0, 1, 1]
15 [1, 1, 1, 0, 1, 0, 0, 1, 1, 1, 1, 1]
16 [1, 0, 1, 0, 1, 1, 1, 1, 1, 1, 1, 1]
17 [0, 0, 0, 0, 1, 1, 1, 1, 1, 0, 0, 1]
18 [0, 1, 0, 0, 1, 0, 1, 1, 1, 0, 0, 1]
19 [0, 1, 1, 0, 1, 0, 0, 1, 1, 1, 1, 1]

Check: next state would be...
[1, 0, 1, 0, 1, 0, 0, 1, 1, 1, 1, 1]
Particle 0
Interaction sites: [[31, 32, 27, 24, 30, 29], [33, 25, 26, 35, 28, 34]]
Spike values: [1, 1]
Spike types: [2, 2]
