N=12 K=2
id:12 bf: 0b0001 in:[23, 20] out:[]
id:13 bf: 0b1000 in:[14, 17] out:[14, 21]
id:14 bf: 0b1000 in:[13, 18] out:[13, 15]
id:15 bf: 0b0101 in:[22, 14] out:[20]
id:16 bf: 0b0110 in:[18, 19] out:[22]
id:17 bf: 0b1110 in:[20, 22] out:[13, 22]
id:18 bf: 0b1101 in:[20, 21] out:[14, 16, 19, 23]
id:19 bf: 0b0000 in:[18, 21] out:[16]
id:20 bf: 0b0110 in:[22, 15] out:[12, 17, 18]
id:21 bf: 0b0111 in:[13, 23] out:[18, 19]
id:22 bf: 0b0110 in:[16, 17] out:[15, 17, 20, 23]
id:23 bf: 0b0110 in:[22, 18] out:[12, 21]

Basin:
0 [0, 1, 1, 0, 0, 0, 0, 0, 0, 0, 1, 1]
1 [0, 0, 0, 0, 0, 1, 1, 0, 1, 0, 0, 1]
2 [0, 0, 0, 1, 1, 1, 0, 0, 0, 1, 1, 1]
3 [0, 0, 0, 0, 0, 1, 1, 0, 0, 1, 0, 1]
4 [0, 0, 0, 1, 1, 0, 1, 0, 0, 1, 1, 1]

Attractor:
0 [0, 0, 0, 0, 1, 1, 1, 0, 0, 1, 1, 0]
1 [1, 0, 0, 0, 1, 1, 1, 0, 1, 1, 0, 0]
2 [0, 0, 0, 1, 1, 1, 1, 0, 0, 1, 0, 1]
3 [0, 0, 0, 1, 1, 0, 1, 0, 1, 1, 0, 1]
4 [0, 0, 0, 1, 1, 1, 1, 0, 1, 1, 1, 1]
5 [0, 0, 0, 0, 1, 1, 1, 0, 0, 1, 0, 0]
6 [1, 0, 0, 1, 1, 0, 1, 0, 0, 1, 0, 1]
7 [0, 0, 0, 1, 1, 0, 1, 0, 1, 1, 1, 1]

Check: next state would be...
[0, 0, 0, 0, 1, 1, 1, 0, 0, 1, 1, 0]
Particle 0
Interaction sites: [[12, 23, 22, 16, 18, 20, 15, 14, 13, 17], [19, 21]]
Spike values: [0, 0]
Spike types: [3, 1]
