N=12 K=2
id:12 bf: 0b0001 in:[13, 18] out:[14, 19]
id:13 bf: 0b1100 in:[19, 15] out:[12, 15, 19, 20, 21]
id:14 bf: 0b1011 in:[12, 16] out:[17, 20, 23]
id:15 bf: 0b1001 in:[13, 23] out:[13]
id:16 bf: 0b0011 in:[21, 17] out:[14, 22]
id:17 bf: 0b0010 in:[14, 20] out:[16]
id:18 bf: 0b1101 in:[22, 20] out:[12, 23]
id:19 bf: 0b1010 in:[12, 13] out:[13]
id:20 bf: 0b0000 in:[14, 13] out:[17, 18, 22]
id:21 bf: 0b0110 in:[13, 22] out:[16]
id:22 bf: 0b1101 in:[20, 16] out:[18, 21]
id:23 bf: 0b1000 in:[14, 18] out:[15]

Basin:
0 [0, 1, 1, 0, 0, 0, 0, 0, 1, 0, 0, 0]
1 [0, 0, 1, 0, 1, 0, 1, 0, 0, 1, 0, 0]
2 [0, 0, 0, 1, 1, 1, 1, 0, 0, 0, 1, 1]
3 [0, 1, 0, 0, 0, 0, 0, 0, 0, 1, 1, 0]
4 [0, 0, 1, 0, 1, 0, 0, 0, 0, 0, 1, 0]
5 [1, 0, 0, 1, 1, 1, 0, 0, 0, 1, 1, 0]
6 [1, 1, 1, 1, 0, 0, 0, 1, 0, 1, 1, 0]
7 [0, 1, 1, 0, 1, 1, 0, 1, 0, 0, 1, 0]
8 [0, 0, 0, 0, 0, 1, 0, 0, 0, 0, 1, 0]
9 [1, 0, 1, 1, 0, 0, 0, 0, 0, 1, 1, 0]
10 [1, 1, 1, 1, 1, 1, 0, 1, 0, 1, 1, 0]

Attractor:
0 [0, 1, 1, 0, 0, 1, 0, 1, 0, 0, 1, 0]
1 [0, 0, 1, 0, 0, 1, 0, 0, 0, 0, 1, 0]
2 [1, 0, 1, 1, 0, 1, 0, 0, 0, 1, 1, 0]
3 [1, 1, 1, 1, 0, 1, 0, 1, 0, 1, 1, 0]

Check: next state would be...
[0, 1, 1, 0, 0, 1, 0, 1, 0, 0, 1, 0]
Particle 0
Interaction sites: [[15, 13, 19, 12, 18, 22, 20, 14, 16, 21], [17], [23]]
Spike values: [-1, 1, -1]
Spike types: [3, 1, 1]
