N=12 K=2
id:12 bf: 0b0110 in:[21, 23] out:[13, 22]
id:13 bf: 0b0110 in:[12, 20] out:[]
id:14 bf: 0b0010 in:[19, 17] out:[15, 18, 19, 22]
id:15 bf: 0b1010 in:[16, 14] out:[]
id:16 bf: 0b0000 in:[19, 18] out:[15, 17, 18, 20]
id:17 bf: 0b0100 in:[21, 16] out:[14, 23]
id:18 bf: 0b0001 in:[16, 14] out:[16, 21]
id:19 bf: 0b1001 in:[14, 22] out:[14, 16, 20]
id:20 bf: 0b0101 in:[16, 19] out:[13, 21]
id:21 bf: 0b0100 in:[20, 18] out:[12, 17]
id:22 bf: 0b1110 in:[12, 14] out:[19, 23]
id:23 bf: 0b0110 in:[22, 17] out:[12]

Basin:
0 [0, 1, 1, 0, 0, 0, 0, 0, 0, 0, 1, 0]
1 [0, 0, 0, 0, 0, 0, 0, 1, 1, 0, 1, 1]
2 [1, 1, 1, 0, 0, 0, 1, 0, 1, 0, 0, 1]
3 [1, 0, 0, 0, 0, 0, 0, 0, 1, 0, 1, 0]
4 [0, 0, 0, 0, 0, 0, 1, 0, 1, 0, 1, 1]
5 [1, 1, 0, 0, 0, 0, 1, 0, 1, 0, 0, 1]
6 [1, 0, 0, 0, 0, 0, 1, 1, 1, 0, 1, 0]
7 [0, 0, 1, 0, 0, 0, 1, 0, 1, 0, 1, 1]
8 [1, 1, 0, 0, 0, 0, 0, 1, 1, 0, 1, 1]

Attractor:
0 [1, 0, 1, 0, 0, 0, 1, 0, 1, 0, 1, 1]
1 [1, 0, 0, 0, 0, 0, 0, 1, 1, 0, 1, 1]

Check: next state would be...
[1, 0, 1, 0, 0, 0, 1, 0, 1, 0, 1, 1]
Particle 0
Interaction sites: [[13, 12, 21, 20, 16, 19, 14, 17], [15], [23, 22], [18]]
Spike values: [-2, -1, 2, 0]
Spike types: [2, 1, 1, 1]
