N=12 K=2
id: 0 bf: 0b0001 in:[5, 8] out:[2]
id: 1 bf: 0b0100 in:[10, 9] out:[4, 8]
id: 2 bf: 0b1000 in:[5, 0] out:[3, 8, 11]
id: 3 bf: 0b0011 in:[2, 8] out:[4, 9]
id: 4 bf: 0b0110 in:[1, 3] out:[6]
id: 5 bf: 0b0000 in:[10, 8] out:[0, 2, 7, 10, 11]
id: 6 bf: 0b0010 in:[8, 4] out:[10]
id: 7 bf: 0b1000 in:[8, 5] out:[9]
id: 8 bf: 0b0111 in:[1, 2] out:[0, 3, 5, 6, 7]
id: 9 bf: 0b1110 in:[7, 3] out:[1]
id:10 bf: 0b1010 in:[5, 6] out:[1, 5]
id:11 bf: 0b0000 in:[2, 5] out:[]

Basin:
0 [0, 1, 1, 0, 0, 0, 0, 0, 0, 0, 1, 0]
1 [1, 0, 0, 1, 1, 0, 0, 0, 0, 0, 0, 0]
2 [1, 0, 0, 1, 1, 0, 0, 0, 1, 1, 0, 0]
3 [0, 1, 0, 0, 1, 0, 0, 0, 1, 1, 0, 0]
4 [0, 1, 0, 0, 1, 0, 0, 0, 1, 0, 0, 0]
5 [0, 0, 0, 0, 1, 0, 0, 0, 1, 0, 0, 0]
6 [0, 0, 0, 0, 0, 0, 0, 0, 1, 0, 0, 0]

Attractor:
0 [0, 0, 0, 0, 0, 0, 1, 0, 1, 0, 0, 0]

Check: next state would be...
[0, 0, 0, 0, 0, 0, 1, 0, 1, 0, 0, 0]
Particle 0
Interaction sites: [[11, 2, 5, 10, 6, 8, 1, 9, 7], [0], [4, 3]]
Spike values: [-5, -1, -2]
Spike types: [2, 1, 1]
